TLS,2016,55.57300186,2000,78.14499664,-1.41074967375
MDA,2016,46.10300064,2000,63.82099915,-1.107374906875
WSM,2016,58.12200165,2000,74.1780014,-1.003499984375
ALB,2016,60.79399872,2000,73.58100128,-0.79918766
SYR,2016,70.82700348,2000,80.55999756,-0.60831213
GAB,2016,57.89699936,2000,65.95999908,-0.5039374825
PRI,2016,51.55799866,2000,59.52500153,-0.497937679375
BEN,2016,73.41699982,2000,81.37400055,-0.497312545625
TZA,2016,83.23600006,2000,90.81700134,-0.47381258
MOZ,2016,75.48100281,2000,82.58200073,-0.44381237
SEN,2016,70.35299683,2000,76.95600128,-0.412687778125
JPN,2016,69.92700195,2000,76.38300323,-0.40350008
ROU,2016,64.70300293,2000,71.07299805,-0.398124695
VIR,2016,70.98200226,2000,77.2990036,-0.39481258375
LSO,2016,74.21199799,2000,80.43099976,-0.388687610625
BTN,2016,73.1309967,2000,79.34200287,-0.388187885625
PYF,2016,63.12599945,2000,69.06700134,-0.371312618125
USA,2016,68.28399658,2000,74.17700195,-0.368312835625
PRT,2016,63.95100021,2000,69.71800232,-0.360437631875
BRB,2016,70.37599945,2000,76.06800079,-0.35575008375
DNK,2016,66.06099701,2000,71.72799683,-0.35418748875
CHN,2016,77.8769989,2000,83.43900299,-0.347625255625
SRB,2016,60.00299835,2000,65.46800232,-0.341562748125
MUS,2016,74.60600281,2000,79.86100006,-0.328437328125
GRC,2016,60.06200027,2000,65.30400085,-0.32762503625
JAM,2016,72.42299652,2000,77.65499878,-0.32700014125
FIN,2016,61.8769989,2000,67.09899902,-0.3263750075
HKG,2016,68.13300323,2000,73.3219986,-0.324312210625
GUM,2016,68.71800232,2000,73.84300232,-0.3203125
BGD,2016,81.05000305,2000,86.03199768,-0.311374664375
ISL,2016,77.33100128,2000,82.24099731,-0.306874751875
BRN,2016,75.18800354,2000,80.01300049,-0.301562309375
CHI,2016,65.66200256,2000,70.44300079,-0.298812389375
CRI,2016,76.52700043,2000,81.3010025,-0.298375129375
FJI,2016,71.23799896,2000,76.00700378,-0.29806280125
MLT,2016,65.81999969,2000,70.47599792,-0.290999889375
PRK,2016,85.86499786,2000,90.44200134,-0.2860627175
ECU,2016,79.81400299,2000,84.38999939,-0.285999775
GUY,2016,77.02100372,2000,81.59400177,-0.285812378125
HRV,2016,58.52899933,2000,63.02600098,-0.281062603125
MAR,2016,74.42500305,2000,78.88400269,-0.2786874775
MNE,2016,56.00400162,2000,60.35300064,-0.27181243875
BRA,2016,78.34200287,2000,82.57700348,-0.264687538125
JOR,2016,64.43299866,2000,68.47699738,-0.25274992
VEN,2016,78.375,2000,82.40899658,-0.25212478625
ZAF,2016,60.62400055,2000,64.63899994,-0.250937461875
DZA,2016,70.59700012,2000,74.60500336,-0.2505002025
IRL,2016,67.4489975,2000,71.45600128,-0.25043773625
NOR,2016,68.39199829,2000,72.23899841,-0.2404375075
NCL,2016,66.87799835,2000,70.6289978,-0.234437465625
ZMB,2016,80.89499664,2000,84.53700256,-0.22762537
NPL,2016,86.71900177,2000,90.33100128,-0.225749969375
HND,2016,84.48500061,2000,87.96600342,-0.217562675625
IND,2016,79.09500122,2000,82.56199646,-0.2166872025
LAO,2016,77.40899658,2000,80.82099915,-0.213250160625
GTM,2016,83.78099823,2000,87.18099976,-0.212500095625
VUT,2016,80.45500183,2000,83.84600067,-0.2119374275
ITA,2016,57.97900009,2000,61.30400085,-0.2078125475
MYS,2016,77.7009964,2000,81,-0.206187725
MEX,2016,79.50499725,2000,82.6969986,-0.199500084375
CHE,2016,74.65299988,2000,77.69300079,-0.190000056875
AUT,2016,65.92199707,2000,68.9509964,-0.189312458125
FRA,2016,59.67100143,2000,62.6969986,-0.189124823125
NLD,2016,69.9509964,2000,72.94300079,-0.187000274375
PHL,2016,78.87200165,2000,81.85399628,-0.186374664375
TTO,2016,73.40200043,2000,76.27400208,-0.179500103125
NGA,2016,64.14900208,2000,66.96900177,-0.176249980625
PNG,2016,71.13200378,2000,73.51399994,-0.14887476
AZE,2016,68.59200287,2000,70.91600037,-0.14524984375
BEL,2016,59.08300018,2000,61.39899826,-0.14474988
SDN,2016,72.18000031,2000,74.37799835,-0.1373748775
SWZ,2016,64.66200256,2000,66.80200195,-0.133749961875
SGP,2016,76.24299622,2000,78.37400055,-0.133187770625
VCT,2016,77.02400208,2000,79.11299896,-0.130562305
PRY,2016,84.61199951,2000,86.69599915,-0.1302499775
CAN,2016,70.08799744,2000,72.15599823,-0.129250049375
COL,2016,79.82800293,2000,81.84799957,-0.12624979
DEU,2016,66.27600098,2000,68.27999878,-0.1252498625
RWA,2016,83.27600098,2000,85.26300049,-0.124187469375
NIC,2016,80.47399902,2000,82.43800354,-0.1227502825
CZE,2016,68.02600098,2000,69.95700073,-0.120687484375
ESP,2016,64.49099731,2000,66.40899658,-0.119874954375
CUB,2016,68.48600006,2000,70.28500366,-0.112437725
GBR,2016,68.6190033,2000,70.39099884,-0.11074972125
DOM,2016,78.66000366,2000,80.36799622,-0.106749535
COD,2016,71.80699921,2000,73.50099945,-0.105875015
AUS,2016,70.81300354,2000,72.48300171,-0.104374885625
GNQ,2016,91.89299774,2000,93.51000214,-0.101062775
LKA,2016,75.34899902,2000,76.95400238,-0.10031271
CYP,2016,70.31700134,2000,71.91799927,-0.100062370625
CAF,2016,84.60099792,2000,86.18800354,-0.09918785125
KOR,2016,71.86299896,2000,73.41799927,-0.097187519375
CIV,2016,80.85399628,2000,82.23999786,-0.08662509875
PAK,2016,82.36299896,2000,83.71199799,-0.084312439375
SVN,2016,62.59799957,2000,63.93500137,-0.0835626125
BHR,2016,85.04599762,2000,86.3789978,-0.08331251125
ETH,2016,89.06099701,2000,90.36699677,-0.081624985
SOM,2016,75.8809967,2000,77.16699982,-0.080375195
TUR,2016,71.39800262,2000,72.65899658,-0.0788121225
BDI,2016,82.69999695,2000,83.89800262,-0.074875354375
PAN,2016,80.40100098,2000,81.54299927,-0.071374893125
IDN,2016,83.75,2000,84.81900024,-0.066812515
MRT,2016,65.39600372,2000,66.34400177,-0.059249878125
BIH,2016,57.7840004,2000,58.73199844,-0.0592498775
GMB,2016,82.65000153,2000,83.57299805,-0.0576872825
GNB,2016,78.41699982,2000,79.31999969,-0.056437491875
ISR,2016,69.1969986,2000,70.09100342,-0.05587530125
ERI,2016,90.18000031,2000,91.06400299,-0.0552501675
KEN,2016,72.26300049,2000,73.13999939,-0.05481243125
THA,2016,80.0059967,2000,80.84899902,-0.052687645
TGO,2016,80.69599915,2000,81.46800232,-0.048250198125
NAM,2016,63.79499817,2000,64.50099945,-0.04412508
IRN,2016,72.99500275,2000,73.61699677,-0.03887462625
ARE,2016,91.08599854,2000,91.66999817,-0.036499976875
MDG,2016,89.05500031,2000,89.56900024,-0.032124995625
LTU,2016,65.77300262,2000,66.2559967,-0.03018713
AFG,2016,83.59200287,2000,84.06199646,-0.029374599375
TCD,2016,79.26100159,2000,79.71900177,-0.02862501125
NZL,2016,72.91799927,2000,73.33699799,-0.02618742
TUN,2016,71.29199982,2000,71.55599976,-0.01649999625
BFA,2016,90.5739975,2000,90.80400085,-0.014375209375
SLV,2016,79.2990036,2000,79.5059967,-0.01293706875
LUX,2016,65.79199982,2000,65.96900177,-0.011062621875
SLB,2016,73.51100159,2000,73.56400299,-0.0033125875
CHL,2016,74.68499756,2000,74.63899994,0.00287485125
PER,2016,82.72399902,2000,82.67500305,0.003062248125
SVK,2016,68.15799713,2000,68.10399628,0.003375053125
IRQ,2016,69.82700348,2000,69.75700378,0.00437498125
ARG,2016,74.43699646,2000,74.31500244,0.00762462625
SWE,2016,68.13800049,2000,67.88200378,0.015999794375
MWI,2016,80.8769989,2000,80.51399994,0.022687435
COM,2016,79.43000031,2000,79.01599884,0.025875091875
URY,2016,76.30799866,2000,75.76200104,0.03412485125
VNM,2016,83.25499725,2000,82.54000092,0.044687270625
TON,2016,73.98600006,2000,73.25499725,0.045687675625
NER,2016,89.2990036,2000,88.51999664,0.048687935
LCA,2016,76.53199768,2000,75.75,0.048874855
LBN,2016,70.44300079,2000,69.55699921,0.05537509875
AGO,2016,77.09899902,2000,76.18000031,0.057437419375
CPV,2016,84.39600372,2000,83.47699738,0.05743789625
MAC,2016,76.48500061,2000,75.46800232,0.063562393125
KAZ,2016,77.28900146,2000,76.26699829,0.063875198125
BWA,2016,81.4469986,2000,80.34500122,0.06887483625
KWT,2016,83.9260025,2000,82.78299713,0.071437835625
MMR,2016,80.9509964,2000,79.79399872,0.072312355
BOL,2016,82.58899689,2000,81.26499939,0.08274984375
COG,2016,72.6230011,2000,71.14800262,0.092187405
SAU,2016,78.80999756,2000,77.31199646,0.09362506875
MKD,2016,67.97799683,2000,66.23799896,0.108749866875
LBR,2016,63.99499893,2000,62.20999908,0.111562490625
POL,2016,65.10099792,2000,63.30699921,0.112124919375
DJI,2016,68.3219986,2000,66.45300293,0.116812229375
QAT,2016,93.81199646,2000,91.91200256,0.11874961875
YEM,2016,73.43499756,2000,71.51000214,0.12031221375
BLZ,2016,83.70600128,2000,81.73500061,0.123187541875
GHA,2016,78.64800262,2000,76.58200073,0.129125118125
SUR,2016,68.60199738,2000,66.48799896,0.13212490125
EST,2016,69.53800201,2000,67.34600067,0.13700008375
UKR,2016,67.43599701,2000,65.15899658,0.142312526875
STP,2016,76.23200226,2000,73.92199707,0.144375324375
BLR,2016,68.06400299,2000,65.73799896,0.145375251875
KHM,2016,86.84700012,2000,84.33000183,0.157312393125
HTI,2016,71.53099823,2000,68.93499756,0.162250041875
TJK,2016,77.73200226,2000,74.91300201,0.176187515625
LVA,2016,67.79000092,2000,64.91300201,0.179812431875
PSE,2016,69.40399933,2000,66.28900146,0.194687366875
CMR,2016,81.17500305,2000,77.98799896,0.199187755625
RUS,2016,71.54000092,2000,68.34100342,0.19993734375
MNG,2016,69.06099701,2000,65.83200073,0.2018122675
KGZ,2016,77.3030014,2000,74.06300354,0.20249986625
SLE,2016,68.65799713,2000,65.1230011,0.220937251875
EGY,2016,76.1780014,2000,72.5059967,0.22950029375
LBY,2016,78.61100006,2000,74.91799927,0.230812549375
TKM,2016,77.68699646,2000,73.95300293,0.233374595625
BHS,2016,79.11000061,2000,75.15200043,0.24737501125
GIN,2016,85.14399719,2000,80.97799683,0.2603750225
BGR,2016,60.12400055,2000,55.88100052,0.265187501875
HUN,2016,62.44300079,2000,58.04700089,0.27474999375
UZB,2016,76.40499878,2000,71.70500183,0.293749809375
GEO,2016,78.70999908,2000,73.98699951,0.295187473125
UGA,2016,87.69000244,2000,82.26899719,0.338812828125
ZWE,2016,87.39299774,2000,81.36100006,0.376999855
ARM,2016,73.94200134,2000,66.52500153,0.463562488125
OMN,2016,85.56800079,2000,77.84999847,0.482375145
MDV,2016,79.23100281,2000,71.02300262,0.513000011875
MLI,2016,82.2990036,2000,66.6289978,0.9793753625
