AFG,2016,83.59200287,2000,84.06199646,-0.00034943970655012444609375
ALB,2016,60.79399872,2000,73.58100128,-0.01086133167662162044446875
DZA,2016,70.59700012,2000,74.60500336,-0.00335768636442830662181875
AGO,2016,77.09899902,2000,76.18000031,0.000753969797076258373675
ARG,2016,74.43699646,2000,74.31500244,0.000102598748565687324225
ARM,2016,73.94200134,2000,66.52500153,0.00696824468190282805995625
AUS,2016,70.81300354,2000,72.48300171,-0.00143999121397589812923125
AUT,2016,65.92199707,2000,68.9509964,-0.00274560873677236664269375
AZE,2016,68.59200287,2000,70.91600037,-0.0020481956539027526659125
BHS,2016,79.11000061,2000,75.15200043,0.00329166236207399915249375
BHR,2016,85.04599762,2000,86.3789978,-0.000964499628056578354975
BGD,2016,81.05000305,2000,86.03199768,-0.00361928901771143901211875
BRB,2016,70.37599945,2000,76.06800079,-0.0046767376565096657117
BLR,2016,68.06400299,2000,65.73799896,0.00221143408948996703686875
BEL,2016,59.08300018,2000,61.39899826,-0.0023575283653170142128
BLZ,2016,83.70600128,2000,81.73500061,0.00150715777764279385376875
BEN,2016,73.41699982,2000,81.37400055,-0.00611144274908086720580625
BTN,2016,73.1309967,2000,79.34200287,-0.0048925899471057806937875
BOL,2016,82.58899689,2000,81.26499939,0.0010182716344200541068875
BIH,2016,57.7840004,2000,58.73199844,-0.00100881766453986849898125
BWA,2016,81.4469986,2000,80.34500122,0.0008572385985956675550875
BRA,2016,78.34200287,2000,82.57700348,-0.003205342007706865267325
BRN,2016,75.18800354,2000,80.01300049,-0.00376891639518866892076875
BGR,2016,60.12400055,2000,55.88100052,0.004745575408587906220975
BFA,2016,90.5739975,2000,90.80400085,-0.00015831030836126423828125
BDI,2016,82.69999695,2000,83.89800262,-0.00089245693624118366406875
CPV,2016,84.39600372,2000,83.47699738,0.0006880685464587801636625
KHM,2016,86.84700012,2000,84.33000183,0.00186543803760522223624375
CMR,2016,81.17500305,2000,77.98799896,0.00255408214444844630233125
CAN,2016,70.08799744,2000,72.15599823,-0.00179125855847784866824375
CAF,2016,84.60099792,2000,86.18800354,-0.001150831289460913761875
CHI,2016,65.66200256,2000,70.44300079,-0.00424190318447392195485
CHL,2016,74.68499756,2000,74.63899994,0.00003851674395839982633125
CHN,2016,77.8769989,2000,83.43900299,-0.0041662201508647245162875
COL,2016,79.82800293,2000,81.84799957,-0.001542490844776549986
COM,2016,79.43000031,2000,79.01599884,0.0003274664910253762477125
COD,2016,71.80699921,2000,73.50099945,-0.001440456807284951823875
COG,2016,72.6230011,2000,71.14800262,0.001295713183859440297525
CRI,2016,76.52700043,2000,81.3010025,-0.0036700055374470935951875
CIV,2016,80.85399628,2000,82.23999786,-0.0010533207806919561123625
HRV,2016,58.52899933,2000,63.02600098,-0.00445947067487574554345625
CUB,2016,68.48600006,2000,70.28500366,-0.00159973990389061608821875
CYP,2016,70.31700134,2000,71.91799927,-0.00139133974305011280105625
CZE,2016,68.02600098,2000,69.95700073,-0.0017251666468777727429625
DNK,2016,66.06099701,2000,71.72799683,-0.004937925278876075368575
DJI,2016,68.3219986,2000,66.45300293,0.00175781716739042179504375
DOM,2016,78.66000366,2000,80.36799622,-0.001328259257674945177325
ECU,2016,79.81400299,2000,84.38999939,-0.0033890244942209378063125
EGY,2016,76.1780014,2000,72.5059967,0.00316525948466825227436875
GNQ,2016,91.89299774,2000,93.51000214,-0.00108076967904130987970625
ERI,2016,90.18000031,2000,91.06400299,-0.00060671797511544907323125
EST,2016,69.53800201,2000,67.34600067,0.00203427200408395089929375
ETH,2016,89.06099701,2000,90.36699677,-0.00090326101251046366935625
FJI,2016,71.23799896,2000,76.00700378,-0.00392151757636353969168125
FIN,2016,61.8769989,2000,67.09899902,-0.0048640816147304726215875
FRA,2016,59.67100143,2000,62.6969986,-0.0030164892634110877518125
PYF,2016,63.12599945,2000,69.06700134,-0.005376121894985979711275
GAB,2016,57.89699936,2000,65.95999908,-0.00764004683943061085925
GMB,2016,82.65000153,2000,83.57299805,-0.00069026221203033651369375
GEO,2016,78.70999908,2000,73.98699951,0.00398972083041565689788125
DEU,2016,66.27600098,2000,68.27999878,-0.0018343565427345486546
GHA,2016,78.64800262,2000,76.58200073,0.00168610269899121242245625
GRC,2016,60.06200027,2000,65.30400085,-0.0050169213522237052953875
GUM,2016,68.71800232,2000,73.84300232,-0.00433775022597158127034375
GTM,2016,83.78099823,2000,87.18099976,-0.00243745880650589134744375
GIN,2016,85.14399719,2000,80.97799683,0.00321537988951016633835625
GNB,2016,78.41699982,2000,79.31999969,-0.00071151654179992597021875
GUY,2016,77.02100372,2000,81.59400177,-0.0035028601603664180718125
HTI,2016,71.53099823,2000,68.93499756,0.00235366718819101964439375
HND,2016,84.48500061,2000,87.96600342,-0.00247325861317390290504375
HKG,2016,68.13300323,2000,73.3219986,-0.00442312289377502047523125
HUN,2016,62.44300079,2000,58.04700089,0.00473323323405899394779375
ISL,2016,77.33100128,2000,82.24099731,-0.00373140844484489143654375
IND,2016,79.09500122,2000,82.56199646,-0.00262453927703869868361875
IDN,2016,83.75,2000,84.81900024,-0.00078770693843302013435625
IRN,2016,72.99500275,2000,73.61699677,-0.000528065908087165778575
IRQ,2016,69.82700348,2000,69.75700378,0.00006271744789667054131875
IRL,2016,67.4489975,2000,71.45600128,-0.0035047824082495314241
ISR,2016,69.1969986,2000,70.09100342,-0.00079718221346017077750625
ITA,2016,57.97900009,2000,61.30400085,-0.0033898692519021782572625
JAM,2016,72.42299652,2000,77.65499878,-0.004210934857862861716475
JPN,2016,69.92700195,2000,76.38300323,-0.00528258988174377390214375
JOR,2016,64.43299866,2000,68.47699738,-0.0036910193155434760098125
KAZ,2016,77.28900146,2000,76.26699829,0.000837520809224967335475
KEN,2016,72.26300049,2000,73.13999939,-0.000749417988886313552375
PRK,2016,85.86499786,2000,90.44200134,-0.0031629410369259747741
KOR,2016,71.86299896,2000,73.41799927,-0.0013237560317816053719875
KWT,2016,83.9260025,2000,82.78299713,0.00086295299882433720239375
KGZ,2016,77.3030014,2000,74.06300354,0.00273415682015425862649375
LAO,2016,77.40899658,2000,80.82099915,-0.0026385489274788308528375
LVA,2016,67.79000092,2000,64.91300201,0.00277005262901412992284375
LBN,2016,70.44300079,2000,69.55699921,0.00079611109419508840826875
LSO,2016,74.21199799,2000,80.43099976,-0.00483255973175534726189375
LBR,2016,63.99499893,2000,62.20999908,0.00179332088530550095613125
LBY,2016,78.61100006,2000,74.91799927,0.00308086910520882093491875
LTU,2016,65.77300262,2000,66.2559967,-0.00045561355203339654839375
LUX,2016,65.79199982,2000,65.96900177,-0.00016769424393550286095
MAC,2016,76.48500061,2000,75.46800232,0.00084224295292039472656875
MKD,2016,67.97799683,2000,66.23799896,0.00164180483381860906385
MDG,2016,89.05500031,2000,89.56900024,-0.00035866198728266613506875
MWI,2016,80.8769989,2000,80.51399994,0.00028178248524364643558125
MYS,2016,77.7009964,2000,81,-0.0025455274691358024691375
MDV,2016,79.23100281,2000,71.02300262,0.0072230121643792592445625
MLI,2016,82.2990036,2000,66.6289978,0.0146989358213039188171625
MLT,2016,65.81999969,2000,70.47599792,-0.00412906376586997890075625
MRT,2016,65.39600372,2000,66.34400177,-0.00089307060991596859473125
MUS,2016,74.60600281,2000,79.86100006,-0.0041126122622837588342625
MEX,2016,79.50499725,2000,82.6969986,-0.00241242230978622239864375
MDA,2016,46.10300064,2000,63.82099915,-0.01735126246256832536599375
MNG,2016,69.06099701,2000,65.83200073,0.00306556485086489334774375
MNE,2016,56.00400162,2000,60.35300064,-0.0045037104347360582202875
MAR,2016,74.42500305,2000,78.88400269,-0.0035328769838821676557625
MOZ,2016,75.48100281,2000,82.58200073,-0.0053742021999567992302375
MMR,2016,80.9509964,2000,79.79399872,0.00090623801488814521213125
NAM,2016,63.79499817,2000,64.50099945,-0.00068409916708662721349375
NPL,2016,86.71900177,2000,90.33100128,-0.00249914166981544168265625
NLD,2016,69.9509964,2000,72.94300079,-0.0025636493200131203431375
NCL,2016,66.87799835,2000,70.6289978,-0.0033192806485638679131875
NZL,2016,72.91799927,2000,73.33699799,-0.00035708333743863954418125
NIC,2016,80.47399902,2000,82.43800354,-0.00148900115515825117955
NER,2016,89.2990036,2000,88.51999664,0.000550021880344255738325
NGA,2016,64.14900208,2000,66.96900177,-0.00263181436137150891266875
NOR,2016,68.39199829,2000,72.23899841,-0.003328361588506138314825
OMN,2016,85.56800079,2000,77.84999847,0.006196212645860055853125
PAK,2016,82.36299896,2000,83.71199799,-0.00100717270402591187753125
PAN,2016,80.40100098,2000,81.54299927,-0.00087530375095313807679375
PNG,2016,71.13200378,2000,73.51399994,-0.00202512120305665957754375
PRY,2016,84.61199951,2000,86.69599915,-0.00150237587405439112469375
PER,2016,82.72399902,2000,82.67500305,0.00003703958889663445860625
PHL,2016,78.87200165,2000,81.85399628,-0.00227691588493081696609375
POL,2016,65.10099792,2000,63.30699921,0.0017711299030785319701125
PRT,2016,63.95100021,2000,69.71800232,-0.0051699363131579757519375
PRI,2016,51.55799866,2000,59.52500153,-0.0083651854947713766148625
QAT,2016,93.81199646,2000,91.91200256,0.0012919925085135692641375
ROU,2016,64.70300293,2000,71.07299805,-0.00560163080105215851380625
RUS,2016,71.54000092,2000,68.34100342,0.0029255839648893466598125
RWA,2016,83.27600098,2000,85.26300049,-0.00145652239143947583588125
ESP,2016,64.49099731,2000,66.40899658,-0.001805101124071222941525
LKA,2016,75.34899902,2000,76.95400238,-0.00130354116611965621845625
LCA,2016,76.53199768,2000,75.75,0.00064521260726072607260625
CHE,2016,74.65299988,2000,77.69300079,-0.002445523469849747838525
ARE,2016,91.08599854,2000,91.66999817,-0.00039816709505449747954375
GBR,2016,68.6190033,2000,70.39099884,-0.00157335061407121240389375
PSE,2016,69.40399933,2000,66.28900146,0.00293694825064574143609375
TCD,2016,79.26100159,2000,79.71900177,-0.000359073879682876515775
SLV,2016,79.2990036,2000,79.5059967,-0.00016271815066749549974375
WSM,2016,58.12200165,2000,74.1780014,-0.0135282693714500644391875
STP,2016,76.23200226,2000,73.92199707,0.0019530766226226901908
SAU,2016,78.80999756,2000,77.31199646,0.001211003117717185388025
SEN,2016,70.35299683,2000,76.95600128,-0.005362645813982189278325
SRB,2016,60.00299835,2000,65.46800232,-0.005217247143963258783
SLE,2016,68.65799713,2000,65.1230011,0.00339261471589336812673125
SGP,2016,76.24299622,2000,78.37400055,-0.00169938716526318752526875
SVK,2016,68.15799713,2000,68.10399628,0.00004955734331835600176875
SVN,2016,62.59799957,2000,63.93500137,-0.0013069932073108517398
SLB,2016,73.51100159,2000,73.56400299,-0.00004503000605405200775625
SOM,2016,75.8809967,2000,77.16699982,-0.00104157470405073991121875
ZAF,2016,60.62400055,2000,64.63899994,-0.0038821371325040336012375
VCT,2016,77.02400208,2000,79.11299896,-0.0016503268327119424875875
SDN,2016,72.18000031,2000,74.37799835,-0.001846982717302448083425
SUR,2016,68.60199738,2000,66.48799896,0.00198719924372348714764375
SWZ,2016,64.66200256,2000,66.80200195,-0.0020021849341447767794
SWE,2016,68.13800049,2000,67.88200378,0.000235700089626906414225
SYR,2016,70.82700348,2000,80.55999756,-0.00755104454350234218155
TJK,2016,77.73200226,2000,74.91300201,0.00235189501018102371465625
TZA,2016,83.23600006,2000,90.81700134,-0.0052172233503520344266875
THA,2016,80.0059967,2000,80.84899902,-0.0006516796205104086395625
TLS,2016,55.57300186,2000,78.14499664,-0.0180529750388124144911375
TGO,2016,80.69599915,2000,81.46800232,-0.000592259497605906190825
TON,2016,73.98600006,2000,73.25499725,0.00062367998553163552265625
TTO,2016,73.40200043,2000,76.27400208,-0.0023533589195533661185875
TUN,2016,71.29199982,2000,71.55599976,-0.000230588578251177522225
TUR,2016,71.39800262,2000,72.65899658,-0.00108468498341048794043125
TKM,2016,77.68699646,2000,73.95300293,0.003155714932169827440975
UGA,2016,87.69000244,2000,82.26899719,0.0041183536896956796368625
UKR,2016,67.43599701,2000,65.15899658,0.002184081007144938449575
USA,2016,68.28399658,2000,74.17700195,-0.00496532383275973045713125
URY,2016,76.30799866,2000,75.76200104,0.0004504217256878303804625
UZB,2016,76.40499878,2000,71.70500183,0.00409664321704404034320625
VUT,2016,80.45500183,2000,83.84600067,-0.00252769870723042084483125
VEN,2016,78.375,2000,82.40899658,-0.003059432789055323308975
VNM,2016,83.25499725,2000,82.54000092,0.00054140138268610041105625
VIR,2016,70.98200226,2000,77.2990036,-0.0051076024963147131692125
YEM,2016,73.43499756,2000,71.51000214,0.0016824529457355711946
ZMB,2016,80.89499664,2000,84.53700256,-0.0026926122657169357768125
ZWE,2016,87.39299774,2000,81.36100006,0.00463366790872752209875
