SE.PRM.ENRL.FE.ZS,2015,2000,0.000750310964935664113506667
SE.PRM.ENRR.FE,2015,2000,-0.001166859309923666521213333
SE.PRM.NENR.FE,2015,2000,-0.001901463914776461410746667
SE.PRM.NINT.FE.ZS,2015,2002,-0.002597794124563921288984615
SE.PRM.TCHR.FE.ZS,2014,2000,0.000570859314676726399635714
SE.PRM.TENR.FE,2015,2000,-0.00202669523864676805054
SE.PRM.UNER.FE,2015,2000,0.090844293551433297471426667
SE.SCH.LIFE.FE,2014,2000,0.006047443149612376716178571
SE.SEC.ENRL.FE.ZS,2014,2000,0.000215025811261043142542857
SE.SEC.ENRR.FE,2014,2000,0.003492187320849068689435714
SE.SEC.NENR.FE,2014,2000,0.003737591319397070522707143
SE.SEC.TCHR.FE.ZS,2014,2000,0.008264607850732504374957143
SE.TER.CMPL.FE.ZS,2012,2000,0.021699207150623758694641667
SE.TER.ENRR.FE,2015,2000,0.018001730418188646186866667
SE.TER.TCHR.FE.ZS,2014,2000,0.013327875095977401268021429
