AFG,2016,19.19300079,2000,15.04199982,0.017247544457489562714275
ALB,2016,40.27500153,2000,51.50400162,-0.01362636850633510056960625
DZA,2016,16.92200089,2000,11.89299965,0.0264283685150869402405125
AGO,2016,59.81800079,2000,63.97900009,-0.0040648096388528600400625
ARG,2016,48.4980011,2000,42.56900024,0.00870498606170695447838125
ARM,2016,55.14500046,2000,49.10200119,0.00769189534482596512681875
AUS,2016,58.47299957,2000,54.72499847,0.00428049475192612097664375
AUT,2016,54.71500015,2000,48.47999954,0.00803810936102579014174375
AZE,2016,61.98099899,2000,57.45500183,0.0049234150811965956211
BHS,2016,69.39700317,2000,66.11199951,0.00310552895498108040810625
BHR,2016,38.88899994,2000,34.92200089,0.00709974899221761058720625
BGD,2016,43.19400024,2000,54.24499893,-0.01273273908653388925415
BRB,2016,62.10499954,2000,63.61000061,-0.00147873865701885582799375
BLR,2016,54.2879982,2000,53.04100037,0.001469379608818264073775
BEL,2016,48.18799973,2000,43.55599976,0.00664661584443447062779375
BLZ,2016,56.4659996,2000,40.29299927,0.02508655446202032008723125
BEN,2016,69.98400116,2000,64.0059967,0.00583734803007918787709375
BTN,2016,59.0870018,2000,53.27600098,0.00681709483762382797373125
BOL,2016,63.97499847,2000,59.125,0.005126848276955602537
BIH,2016,34.39099884,2000,32.23500061,0.0041802353598590485647875
BWA,2016,73.51799774,2000,69.65799713,0.0034633501976056600408875
BRA,2016,56.18199921,2000,55.08300018,0.0012469807227373866693375
BRN,2016,50.76900101,2000,55.82099915,-0.0056564713738199005346875
BGR,2016,48.56100082,2000,44.17300034,0.00620854431188950114226875
BFA,2016,76.58599854,2000,76.63800049,-0.00004240875093582442184375
BDI,2016,84.61299896,2000,85.05699921,-0.00032625199434190102555
CPV,2016,53.46699905,2000,46.07300186,0.01003027382021337213559375
KHM,2016,75.5510025,2000,78.40399933,-0.00227427559051533908531875
CMR,2016,71.05400085,2000,63.82400131,0.00708001632575800033305625
CAN,2016,60.84999847,2000,58.65999985,0.0023333602812820327683625
CAF,2016,71.78500366,2000,69.9489975,0.0016404864844560495666875
CHI,2016,50.18299866,2000,49.32899857,0.00108202086343306847309375
CHL,2016,50.70199966,2000,35.35800171,0.0271225698709034877751875
CHN,2016,63.34899902,2000,71.24199677,-0.006924460033982845930275
COL,2016,57.95899963,2000,48.55500031,0.0121048286221296082203625
COM,2016,35.50899887,2000,30.44199944,0.01040297845741633060091875
COD,2016,70.45600128,2000,71.22000122,-0.0006704576724521432127
COG,2016,67.06600189,2000,63.69599915,0.00330672528982536574276875
CRI,2016,46.85300064,2000,36.82699966,0.0170153709787717200093
CIV,2016,52.45700073,2000,48.97399902,0.00444496286256102432535
HRV,2016,46.34799957,2000,45.19400024,0.00159589675049751692438125
CUB,2016,42.33200073,2000,36.85699844,0.0092841972382002792303375
CYP,2016,57.63899994,2000,49.65000153,0.0100566442142665529138375
CZE,2016,51.20500183,2000,51.75899887,-0.00066896222407556778928125
DNK,2016,58.05500031,2000,60.01599884,-0.00204216226496114748325625
DJI,2016,36.5340004,2000,30.90399933,0.01138606893941451557751875
DOM,2016,52.31299973,2000,46.14400101,0.00835563478590518520795
ECU,2016,49.00699997,2000,51.33599854,-0.00283548415857890898249375
EGY,2016,22.92700005,2000,19.60400009,0.01059413877507281729460625
GNQ,2016,71.41699982,2000,67.97000122,0.003169595536752882818325
ERI,2016,77.74500275,2000,74.81300354,0.002449439829360980097875
EST,2016,55.44900131,2000,51.88499832,0.0042931520494843489088125
ETH,2016,77.06199646,2000,72.72399902,0.0037281343662830933248625
FJI,2016,37.01800156,2000,38.46300125,-0.002348035194601461319925
FIN,2016,54.76599884,2000,56.59700012,-0.0020219725384271833381375
FRA,2016,50.49499893,2000,48.43500137,0.0026581984898992065415125
PYF,2016,46.58200073,2000,48.00400162,-0.00185140931225974739895
GAB,2016,40.31299973,2000,54.4640007,-0.01623893855129522279108125
GMB,2016,72.20600128,2000,71.02799988,0.00103656427921928976609375
GEO,2016,57.59199905,2000,54.72100067,0.00327913226280552957585625
DEU,2016,54.52899933,2000,49.4109993,0.0064737610331026031282875
GHA,2016,75.60299683,2000,72.74500275,0.00245549004395356903055625
GRC,2016,44.00299835,2000,40.29000092,0.00575979980332549468703125
GUM,2016,55.25400162,2000,55.45199966,-0.000223163773639826932075
GTM,2016,41.49900055,2000,38.7179985,0.0044891945570223626099875
GIN,2016,79.44599915,2000,59.08800125,0.02153355743692548747365
GNB,2016,67.33899689,2000,65.21099854,0.00203953167184548988505625
GUY,2016,41.84999847,2000,38.90499878,0.00473107534756231651525625
HTI,2016,61.75600052,2000,56.85100174,0.0053923838519507501645625
HND,2016,47.38100052,2000,44.40499878,0.0041887200509005396261375
HKG,2016,52.96300125,2000,49.02999878,0.00501351540875971443375
HUN,2016,46.50899887,2000,41.38299942,0.00774170480910491721916875
ISL,2016,70.48699951,2000,71.52799988,-0.00090960914934225894644375
IND,2016,26.90800095,2000,33.81600189,-0.0127676258167490893761625
IDN,2016,50.9280014,2000,50.28900146,0.00079415965898162417003125
IRN,2016,16.24300003,2000,13.88300037,0.01062450297622516018128125
IRQ,2016,15.20100021,2000,12.65100002,0.01259781927302534301948125
IRL,2016,52.13800049,2000,47.65399933,0.00588093499895552208209375
ISR,2016,58.67900085,2000,53.5019989,0.00604767351739076799240625
ITA,2016,39.25899887,2000,35.47299957,0.006670565193762665501025
JAM,2016,57.89899826,2000,58.90399933,-0.0010663548755510282259125
JPN,2016,48.98400116,2000,49.27500153,-0.00036910243653522622224375
JOR,2016,14.38700008,2000,12.57999992,0.008977544572194242112525
KAZ,2016,66.23200226,2000,64.66500092,0.00151453773071406924523125
KEN,2016,62.26499939,2000,62.95299911,-0.0006830489906424412128375
PRK,2016,73.58100128,2000,75.47899628,-0.00157162513210887122835625
KOR,2016,50.07400131,2000,48.85100174,0.00156470636020574672456875
KWT,2016,48.06999969,2000,43.73600006,0.0061934099255394961694625
KGZ,2016,49.56200027,2000,56.21699905,-0.0073987838336952281696
LAO,2016,77.81099701,2000,79.60700226,-0.00141005596163997546313125
LVA,2016,54.47700119,2000,48.94499969,0.007064053446518675419775
LBN,2016,23.6420002,2000,20.30200005,0.01028223863958664506061875
LSO,2016,59.44300079,2000,67.82800293,-0.007726346215601309021175
LBR,2016,57.94400024,2000,58.39300156,-0.00048058126402639405611875
LBY,2016,27.83200073,2000,25.34799957,0.0061247465335979568189625
LTU,2016,54.00899887,2000,54.82500076,-0.0009302346998271158801875
LUX,2016,52.10200119,2000,41.38299942,0.0161887156565366232702125
MAC,2016,65.92900085,2000,55.70600128,0.0114698139956851700987875
MKD,2016,43.90100098,2000,41.67200089,0.00334307215035673320653125
MDG,2016,83.82700348,2000,84.23600006,-0.00030346035224598009005
MWI,2016,81.23500061,2000,76.60199738,0.0037800933628213964464625
MYS,2016,49.31399918,2000,44.56600189,0.0066586594722464120058875
MDV,2016,57.5719986,2000,37.45500183,0.03356860864222256533794375
MLI,2016,50.28900146,2000,36.32699966,0.0240213923711639663665
MLT,2016,39.08800125,2000,30.1989994,0.01839672262866431263281875
MRT,2016,29.18700027,2000,26.68600082,0.0058574706146246757104
MUS,2016,46.82600021,2000,40.66500092,0.00946913677396764214803125
MEX,2016,45.4679985,2000,38.89199829,0.01056772681260446491704375
MDA,2016,38.93899918,2000,56.22200012,-0.0192128980905064250496125
MNG,2016,56.6590004,2000,55.89599991,0.0008531474649667824503875
MNE,2016,41.87599945,2000,43.33599854,-0.0021056384114646501924125
MAR,2016,25.45700073,2000,28.79100037,-0.00723750390129288862914375
MOZ,2016,82.34400177,2000,87.54599762,-0.00371375904625849873318125
MMR,2016,74.91999817,2000,74.26399994,0.00055208296628413468136875
NAM,2016,56.05400085,2000,48.89400101,0.0091524518500434333753875
NPL,2016,79.69499969,2000,81.45700073,-0.0013519410733648798316125
NLD,2016,57.38999939,2000,53.30500031,0.0047896527720703056122
NCL,2016,45.55500031,2000,48.29499817,-0.0035459130911899980718
NZL,2016,62.25600052,2000,56.76100159,0.006050587965408733725625
NIC,2016,49.37400055,2000,38.3390007,0.01798918798175665543625
NER,2016,40.29600143,2000,37.92499924,0.0039073866801480257590625
NGA,2016,48.47200012,2000,44.81700134,0.00509711531159750725080625
NOR,2016,61.12599945,2000,60.24399948,0.0009150288593190194350625
OMN,2016,30.11100006,2000,22.76600075,0.02016438732108009791750625
PAK,2016,24.56699944,2000,16.0529995,0.03314801051666387954475625
PAN,2016,50.52999878,2000,45.08200073,0.00755290077217919427508125
PNG,2016,69.61699677,2000,70.76899719,-0.0010173950332614569015375
PRY,2016,58.19100189,2000,49.72200012,0.0106454408380102791408
PER,2016,65.94300079,2000,57.65100098,0.00898943607769774407826875
PHL,2016,50.63600159,2000,48.74000168,0.00243126775318978610260625
POL,2016,49.10100174,2000,49.13800049,-0.00004705974707844690324375
PRT,2016,53.46099854,2000,52.80500031,0.000776439525315855452175
PRI,2016,34.33200073,2000,34.78099823,-0.0008068297397455116112125
QAT,2016,53.30400085,2000,38.72700119,0.02352525242737494800588125
ROU,2016,47.43099976,2000,57.86800003,-0.01127242200416166689491875
RUS,2016,56.51399994,2000,54.10100174,0.002787608041432912661625
RWA,2016,86.26699829,2000,86.07099915,0.000142323737042385664
ESP,2016,52.23600006,2000,40.86500168,0.0173911016648219552942375
LKA,2016,30.31299973,2000,37.29100037,-0.011695182099508798991225
LCA,2016,63.10100174,2000,61.31200027,0.00182366569974246902840625
CHE,2016,62.57500076,2000,57.71500015,0.0052629305611290031331625
ARE,2016,41.80699921,2000,33.7859993,0.014837876776224286490175
GBR,2016,56.95399857,2000,54.01699829,0.0033982361721492095891125
PSE,2016,18.09199905,2000,10.5909996,0.04426517640742805806545625
TCD,2016,63.99599838,2000,64.41300201,-0.00040461903748801848460625
SLV,2016,49.30400085,2000,45.37900162,0.00540585828505497208424375
WSM,2016,23.22599983,2000,32.68799973,-0.0180915014266613248041625
STP,2016,45.37599945,2000,40.84400177,0.006934919271501148013
SAU,2016,20.05900002,2000,16.14699936,0.01514213482015026227139375
SEN,2016,45.15999985,2000,41.53499985,0.00545473698852077881974375
SRB,2016,43.38499832,2000,45.05899811,-0.00232195546424678371526875
SLE,2016,65.06700134,2000,64.11299896,0.000930000931436697217325
SGP,2016,58.03300095,2000,52.63899994,0.0064044731759582893018
SVK,2016,51.38000107,2000,52.58800125,-0.00143568893008649953205625
SVN,2016,52.02799988,2000,51.24599838,0.00095373483384167409795
SLB,2016,61.10900116,2000,60.66600037,0.000456393189037261729075
SOM,2016,33.27700043,2000,32.9109993,0.00069505852485615652515
ZAF,2016,46.30799866,2000,49.51499939,-0.0040480167241096678119125
VCT,2016,56.38399887,2000,50.16400146,0.00774957792063264962675
SDN,2016,24.31599998,2000,26.65099907,-0.00547587138259578949435625
SUR,2016,40.51900101,2000,36.36500168,0.0071394182904104845898625
SWZ,2016,40.31800079,2000,33.29000092,0.01319465244024991754190625
SWE,2016,60.80400085,2000,58.08800125,0.00292228982487153489379375
SYR,2016,12.27600002,2000,19.69300079,-0.0235394571435956358380875
TJK,2016,59.54899979,2000,58.1590004,0.001493749226731895481475
TZA,2016,73.98600006,2000,87.0039978,-0.0093515801494583735093625
THA,2016,62.80899811,2000,65.34300232,-0.0024237524677761087608375
TLS,2016,26.83699989,2000,39.9659996,-0.02053151403912339527721875
TGO,2016,81.04599762,2000,75.98300171,0.0041645794092569286573375
TON,2016,52.8370018,2000,49.23600006,0.00457109855544183294080625
TTO,2016,52.53099823,2000,46.45500183,0.00817457238274744461461875
TUN,2016,25.11700058,2000,23.50900078,0.00427495785297260090524375
TUR,2016,30.36400032,2000,26.32999992,0.00957558016582022078486875
TKM,2016,47.32799911,2000,47.7879982,-0.00060161430082668748405625
UGA,2016,82.33300018,2000,80.50499725,0.001419168834578154090925
UKR,2016,52.23500061,2000,52.15200043,0.00009946907515010541658125
USA,2016,55.87200165,2000,59.06000137,-0.00337368740057650289891875
URY,2016,55.50999832,2000,52.00999832,0.00420592207394633886233125
UZB,2016,48.43700027,2000,47.03699875,0.0018602397543486976834375
VUT,2016,61.65299988,2000,69.98100281,-0.0074377354171126945587125
VEN,2016,51.48899841,2000,49.05500031,0.003101108557510067213775
VNM,2016,73.86599731,2000,72.85299683,0.0008690449638981584225375
VIR,2016,52.80799866,2000,52.94900131,-0.0001664368620175586084125
YEM,2016,26.01300049,2000,22.26399994,0.01052427843183869501933125
ZMB,2016,69.85099792,2000,74.21399689,-0.00367433970749719042655625
ZWE,2016,77.90000153,2000,68.36000061,0.00872220673170646421385625
